1 0.234484375 0.42293333333333333 0.3882265625 0.5530444444444444
0 0.062468749999999997 0.17847777777777776 0.043476562499999996 0.062155555555555554
0 0.105546875 0.17923333333333333 0.043476562499999996 0.062155555555555554
0 0.14853125 0.17933333333333334 0.042749999999999996 0.062155555555555554
0 0.105609375 0.24082222222222224 0.043476562499999996 0.062155555555555554
0 0.14846874999999998 0.24125555555555556 0.0430078125 0.062155555555555554
0 0.06253125000000001 0.2404 0.043476562499999996 0.062155555555555554
0 0.1054765625 0.3015666666666667 0.043476562499999996 0.06024444444444444
0 0.14833593750000001 0.3016222222222222 0.0430078125 0.060833333333333336
0 0.062343749999999996 0.30114444444444444 0.043375000000000004 0.06024444444444444
0 0.1915234375 0.1794888888888889 0.043476562499999996 0.062155555555555554
0 0.23460156250000003 0.18024444444444443 0.043476562499999996 0.062155555555555554
0 0.2775859375 0.18034444444444445 0.042749999999999996 0.062155555555555554
0 0.2346640625 0.24183333333333334 0.043476562499999996 0.062155555555555554
0 0.2775234375 0.24226666666666666 0.0430078125 0.062155555555555554
0 0.1915859375 0.24141111111111113 0.043476562499999996 0.062155555555555554
0 0.23453125 0.3025777777777778 0.043476562499999996 0.06024444444444444
0 0.277390625 0.30263333333333337 0.0430078125 0.060833333333333336
0 0.19139843750000002 0.30215555555555557 0.043375000000000004 0.06024444444444444
0 0.320578125 0.18005555555555558 0.043476562499999996 0.062155555555555554
0 0.36365625 0.1808111111111111 0.043476562499999996 0.062155555555555554
0 0.406640625 0.1809111111111111 0.042749999999999996 0.062155555555555554
0 0.36371875 0.2424 0.043476562499999996 0.062155555555555554
0 0.40657812499999996 0.24283333333333335 0.0430078125 0.062155555555555554
0 0.320640625 0.2419777777777778 0.043476562499999996 0.062155555555555554
0 0.3635859375 0.30314444444444444 0.043476562499999996 0.06024444444444444
0 0.4064453125 0.30319999999999997 0.0430078125 0.060833333333333336
0 0.320453125 0.3027222222222222 0.043375000000000004 0.06024444444444444
0 0.3206640625 0.3631666666666667 0.043476562499999996 0.062155555555555554
0 0.3637421875 0.3639222222222222 0.043476562499999996 0.062155555555555554
0 0.4067265625 0.36402222222222225 0.042749999999999996 0.062155555555555554
0 0.3638046875 0.42551111111111106 0.043476562499999996 0.062155555555555554
0 0.4066640625 0.42594444444444446 0.0430078125 0.062155555555555554
0 0.3207265625 0.42508888888888885 0.043476562499999996 0.062155555555555554
0 0.363671875 0.48625555555555555 0.043476562499999996 0.06024444444444444
0 0.40653125 0.48631111111111114 0.0430078125 0.060833333333333336
0 0.3205390625 0.48583333333333334 0.043375000000000004 0.06024444444444444
0 0.19115625 0.36373333333333335 0.043476562499999996 0.062155555555555554
0 0.234234375 0.3644888888888889 0.043476562499999996 0.062155555555555554
0 0.27721874999999996 0.3645888888888889 0.042749999999999996 0.062155555555555554
0 0.234296875 0.42607777777777783 0.043476562499999996 0.062155555555555554
0 0.27715625 0.4265111111111111 0.0430078125 0.062155555555555554
0 0.19121875 0.4256555555555555 0.043476562499999996 0.062155555555555554
0 0.23416406250000002 0.4868222222222222 0.043476562499999996 0.06024444444444444
0 0.27702343749999997 0.4868777777777778 0.0430078125 0.060833333333333336
0 0.19103125 0.4864 0.043375000000000004 0.06024444444444444
0 0.062273437499999994 0.36296666666666666 0.043476562499999996 0.062155555555555554
0 0.1053515625 0.3637222222222222 0.043476562499999996 0.062155555555555554
0 0.14833593750000001 0.3638222222222222 0.042749999999999996 0.062155555555555554
0 0.1054140625 0.4253111111111111 0.043476562499999996 0.062155555555555554
0 0.1482734375 0.4257444444444445 0.0430078125 0.062155555555555554
0 0.06233593750000001 0.42488888888888887 0.043476562499999996 0.062155555555555554
0 0.10528124999999999 0.4860555555555555 0.043476562499999996 0.06024444444444444
0 0.148140625 0.4861111111111111 0.0430078125 0.060833333333333336
0 0.0621484375 0.4856333333333333 0.043375000000000004 0.06024444444444444
0 0.062046875 0.5465111111111112 0.043476562499999996 0.062155555555555554
0 0.105125 0.5472666666666667 0.043476562499999996 0.062155555555555554
0 0.14810937500000002 0.5473666666666667 0.042749999999999996 0.062155555555555554
0 0.10518749999999999 0.6088555555555556 0.043476562499999996 0.062155555555555554
0 0.148046875 0.6092888888888889 0.0430078125 0.062155555555555554
0 0.062109375 0.6084333333333334 0.043476562499999996 0.062155555555555554
0 0.1050546875 0.6696 0.043476562499999996 0.06024444444444444
0 0.1479140625 0.6696555555555557 0.0430078125 0.060833333333333336
0 0.061921875 0.6691777777777778 0.043375000000000004 0.06024444444444444
0 0.19141406249999998 0.5484 0.043476562499999996 0.062155555555555554
0 0.23449218749999998 0.5491555555555556 0.043476562499999996 0.062155555555555554
0 0.2774765625 0.5492555555555555 0.042749999999999996 0.062155555555555554
0 0.23455468750000003 0.6107444444444444 0.043476562499999996 0.062155555555555554
0 0.2774140625 0.6111777777777777 0.0430078125 0.062155555555555554
0 0.1914765625 0.6103222222222222 0.043476562499999996 0.062155555555555554
0 0.234421875 0.6714888888888889 0.043476562499999996 0.06024444444444444
0 0.27728125000000003 0.6715444444444444 0.0430078125 0.060833333333333336
0 0.1912890625 0.6710666666666667 0.043375000000000004 0.06024444444444444
0 0.32113281250000003 0.5469333333333334 0.043476562499999996 0.062155555555555554
0 0.3642109375 0.5476888888888889 0.043476562499999996 0.062155555555555554
0 0.4071953125 0.5477888888888889 0.042749999999999996 0.062155555555555554
0 0.36427343749999996 0.6092777777777778 0.043476562499999996 0.062155555555555554
0 0.4071328125 0.6097111111111111 0.0430078125 0.062155555555555554
0 0.3211953125 0.6088555555555556 0.043476562499999996 0.062155555555555554
0 0.364140625 0.6700222222222222 0.043476562499999996 0.06024444444444444
0 0.40700000000000003 0.6700777777777779 0.0430078125 0.060833333333333336
0 0.3210078125 0.6696 0.043375000000000004 0.06024444444444444