1 0.23449218749999998 0.42484444444444447 0.38809375 0.5527333333333333
0 0.06209375 0.17992222222222223 0.04346875 0.06248888888888889
0 0.1055625 0.17981111111111112 0.0428515625 0.0627111111111111
0 0.14878125 0.1802222222222222 0.0423828125 0.06315555555555556
0 0.06225000000000001 0.24108888888888888 0.04346875 0.06138888888888889
0 0.1055625 0.24163333333333334 0.0428515625 0.06094444444444445
0 0.14878125 0.24226666666666666 0.0423828125 0.06138888888888889
0 0.06225000000000001 0.30214444444444444 0.04346875 0.06072222222222222
0 0.1055625 0.3022555555555555 0.0428515625 0.060500000000000005
0 0.1481015625 0.3018222222222222 0.0419140625 0.06027777777777778
0 0.23522656249999999 0.1796777777777778 0.0428515625 0.0627111111111111
0 0.27754687499999997 0.17945555555555553 0.0423828125 0.06315555555555556
0 0.1919140625 0.24095555555555556 0.04346875 0.06138888888888889
0 0.23522656249999999 0.2415 0.0428515625 0.06094444444444445
0 0.27754687499999997 0.2415 0.0423828125 0.06138888888888889
0 0.1919140625 0.3020111111111111 0.04346875 0.06072222222222222
0 0.23522656249999999 0.30212222222222224 0.0428515625 0.060500000000000005
0 0.27731249999999996 0.3016888888888889 0.0419140625 0.06027777777777778
0 0.19175781249999999 0.1797888888888889 0.04346875 0.06248888888888889
0 0.363796875 0.17985555555555557 0.042421875 0.06251111111111111
0 0.4067890625 0.18016666666666667 0.0423828125 0.06315555555555556
0 0.320703125 0.24103333333333335 0.04346875 0.06138888888888889
0 0.364015625 0.24157777777777775 0.0428515625 0.06094444444444445
0 0.4067890625 0.24221111111111113 0.0423828125 0.06138888888888889
0 0.320703125 0.3020888888888889 0.04346875 0.06072222222222222
0 0.364015625 0.3022 0.0428515625 0.060500000000000005
0 0.4065546875 0.3017666666666666 0.0419140625 0.06027777777777778
0 0.3207890625 0.18003333333333332 0.042984375000000005 0.06214444444444445
0 0.06225000000000001 0.36306666666666665 0.04346875 0.06248888888888889
0 0.10571875 0.3629555555555556 0.0428515625 0.0627111111111111
0 0.1489375 0.3633666666666666 0.0423828125 0.06315555555555556
0 0.062406249999999996 0.42423333333333335 0.04346875 0.06138888888888889
0 0.10571875 0.4247777777777778 0.0428515625 0.06094444444444445
0 0.1489375 0.42541111111111113 0.0423828125 0.06138888888888889
0 0.062406249999999996 0.4852888888888889 0.04346875 0.06072222222222222
0 0.10571875 0.4854 0.0428515625 0.060500000000000005
0 0.1482578125 0.4849666666666667 0.0419140625 0.06027777777777778
0 0.2353828125 0.36282222222222227 0.0428515625 0.0627111111111111
0 0.277703125 0.3626 0.0423828125 0.06315555555555556
0 0.1920703125 0.4241 0.04346875 0.06138888888888889
0 0.2353828125 0.42464444444444444 0.0428515625 0.06094444444444445
0 0.277703125 0.42464444444444444 0.0423828125 0.06138888888888889
0 0.1920703125 0.48515555555555556 0.04346875 0.06072222222222222
0 0.2353828125 0.4852666666666667 0.0428515625 0.060500000000000005
0 0.27746875000000004 0.48483333333333334 0.0419140625 0.06027777777777778
0 0.1919140625 0.36293333333333333 0.04346875 0.06248888888888889
0 0.363953125 0.363 0.042421875 0.06251111111111111
0 0.320859375 0.42417777777777776 0.04346875 0.06138888888888889
0 0.364171875 0.4247222222222222 0.0428515625 0.06094444444444445
0 0.4069453125 0.42535555555555554 0.0423828125 0.06138888888888889
0 0.320859375 0.4852333333333333 0.04346875 0.06072222222222222
0 0.364171875 0.48534444444444447 0.0428515625 0.060500000000000005
0 0.40671093750000004 0.4849111111111111 0.0419140625 0.06027777777777778
0 0.3209453125 0.36317777777777777 0.042984375000000005 0.06214444444444445
0 0.4069453125 0.36331111111111114 0.0423828125 0.06315555555555556
0 0.0619453125 0.5471111111111111 0.04346875 0.06248888888888889
0 0.1054140625 0.547 0.0428515625 0.0627111111111111
0 0.1486328125 0.5474111111111112 0.0423828125 0.06315555555555556
0 0.0621015625 0.6082777777777778 0.04346875 0.06138888888888889
0 0.1054140625 0.6088222222222223 0.0428515625 0.06094444444444445
0 0.1486328125 0.6094555555555555 0.0423828125 0.06138888888888889
0 0.0621015625 0.6693333333333333 0.04346875 0.06072222222222222
0 0.1054140625 0.6694444444444444 0.0428515625 0.060500000000000005
0 0.147953125 0.6690111111111111 0.0419140625 0.06027777777777778
0 0.23507812499999997 0.5468666666666667 0.0428515625 0.0627111111111111
0 0.2773984375 0.5466444444444445 0.0423828125 0.06315555555555556
0 0.191765625 0.6081444444444445 0.04346875 0.06138888888888889
0 0.23507812499999997 0.608688888888889 0.0428515625 0.06094444444444445
0 0.2773984375 0.608688888888889 0.0423828125 0.06138888888888889
0 0.191765625 0.6692 0.04346875 0.06072222222222222
0 0.23507812499999997 0.6693111111111111 0.0428515625 0.060500000000000005
0 0.2771640625 0.6688777777777778 0.0419140625 0.06027777777777778
0 0.191609375 0.5469777777777778 0.04346875 0.06248888888888889
0 0.36364843750000003 0.5470444444444444 0.042421875 0.06251111111111111
0 0.3205546875 0.6082222222222222 0.04346875 0.06138888888888889
0 0.3638671875 0.6087666666666667 0.0428515625 0.06094444444444445
0 0.406640625 0.6094 0.0423828125 0.06138888888888889
0 0.3205546875 0.6692777777777777 0.04346875 0.06072222222222222
0 0.3638671875 0.6693888888888889 0.0428515625 0.060500000000000005
0 0.40640625 0.6689555555555555 0.0419140625 0.06027777777777778
0 0.320640625 0.5472222222222223 0.042984375000000005 0.06214444444444445
0 0.406640625 0.5473555555555556 0.0423828125 0.06315555555555556